# A line with the candidate name followed by another line with its telescope ids:
3HB9-ND
4 5 6 11 53 54 55 56 57 60 61 64 65 66 67 68 69 70 71 72 73 74 75 88 89 90 91 92 93 415 416 417 418 426 427 432 433 438 439 440 441 442 443 448 449 450 451 458 459 460 461 474 475 480 481 482 483 485 486 500 501 502 503 504 505 506 507 508 509 510 511 524 525 526 527 528 529 536 537 538 539 540 541 542 543 544 545 550 551 552 553 554 555 556 557 558 559 560 561
3HB9-LST
4 5 6 11
3HB9-MST-N
53 54 55 56 57 60 61 64 65 66 67 68 69 70 71 72 73 74 75 88 89 90 91 92 93
3HB9-SST-D
415 416 417 418 426 427 432 433 438 439 440 441 442 443 448 449 450 451 458 459 460 461 474 475 480 481 482 483 485 486 500 501 502 503 504 505 506 507 508 509 510 511 524 525 526 527 528 529 536 537 538 539 540 541 542 543 544 545 550 551 552 553 554 555 556 557 558 559 560 561
3HB9-SST-G
257 258 259 260 268 269 274 275 280 281 282 283 284 285 290 291 292 293 300 301 302 303 316 317 322 323 324 325 327 328 342 343 344 345 346 347 348 349 350 351 352 353 366 367 368 369 370 371 378 379 380 381 382 383 384 385 386 387 392 393 394 395 396 397 398 399 400 401 402 403
3HB9-SST-ASTRI
99 100 101 102 110 111 116 117 122 123 124 125 126 127 132 133 134 135 142 143 144 145 158 159 164 165 166 167 169 170 184 185 186 187 188 189 190 191 192 193 194 195 208 209 210 211 212 213 220 221 222 223 224 225 226 227 228 229 234 235 236 237 238 239 240 241 242 243 244 245
3HB9-NG
4 5 6 11 53 54 55 56 57 60 61 64 65 66 67 68 69 70 71 72 73 74 75 88 89 90 91 92 93 257 258 259 260 268 269 274 275 280 281 282 283 284 285 290 291 292 293 300 301 302 303 316 317 322 323 324 325 327 328 342 343 344 345 346 347 348 349 350 351 352 353 366 367 368 369 370 371 378 379 380 381 382 383 384 385 386 387 392 393 394 395 396 397 398 399 400 401 402 403
3HB9-LMST-N
4 5 6 11 53 54 55 56 57 60 61 64 65 66 67 68 69 70 71 72 73 74 75 88 89 90 91 92 93
3HB9-MSST-ND
53 54 55 56 57 60 61 64 65 66 67 68 69 70 71 72 73 74 75 88 89 90 91 92 93 415 416 417 418 426 427 432 433 438 439 440 441 442 443 448 449 450 451 458 459 460 461 474 475 480 481 482 483 485 486 500 501 502 503 504 505 506 507 508 509 510 511 524 525 526 527 528 529 536 537 538 539 540 541 542 543 544 545 550 551 552 553 554 555 556 557 558 559 560 561
3HB89-ND
7 8 9 10 53 54 55 56 57 58 59 64 65 66 67 68 69 70 71 72 73 74 75 88 89 90 91 92 93 411 414 421 422 426 427 430 431 432 433 436 437 442 443 448 449 450 451 458 459 460 461 474 475 482 483 484 485 486 487 500 501 502 503 504 505 506 507 508 509 510 511 524 525 526 527 528 529 534 535 538 539 540 541 542 543 544 545 550 551 552 553 554 555 556 557 558 559 560 561
3HB9-TS-AA-ND
53 54 55 56 57 60 61 66 69 70 71 72 73 74 75 415 416 417 418 426 427 432 433 438 439 440 441 442 443 448 449 450 451 458 459 460 461 474 475 480 481 482 483 485 486 500 501 502 503 504 505 506 507 508 509 510 511 524 525 526 527 528 529 536 537
3HB9-TS-MST-A-N
53 54 55 56 57 60 61 66 69 70 71 72 73 74 75
3HB9-TS-SST-A-D
415 416 417 418 426 427 432 433 438 439 440 441 442 443 448 449 450 451 458 459 460 461 474 475 480 481 482 483 485 486 500 501 502 503 504 505 506 507 508 509 510 511 524 525 526 527 528 529 536 537
3HB9-TS-AB-ND
53 54 55 56 57 60 61 66 69 70 71 72 73 74 75 426 427 432 433 438 439 440 441 442 443 448 449 450 451 458 459 460 461 474 475 480 481 482 483 485 486 500 501 506 507 524 525 526 527 528 529 536 537 540 541 544 545 550 551 554 555 558 559 560 561
3HB9-TS-SST-B-D
426 427 432 433 438 439 440 441 442 443 448 449 450 451 458 459 460 461 474 475 480 481 482 483 485 486 500 501 506 507 524 525 526 527 528 529 536 537 540 541 544 545 550 551 554 555 558 559 560 561
3HB9-TS-BA-ND
53 54 55 56 57 60 61 64 65 66 67 68 69 71 72 415 416 417 418 426 427 432 433 438 439 440 441 442 443 448 449 450 451 458 459 460 461 474 475 480 481 482 483 485 486 500 501 502 503 504 505 506 507 508 509 510 511 524 525 526 527 528 529 536 537
3HB9-TS-MST-B-N
53 54 55 56 57 60 61 64 65 66 67 68 69 71 72
3HB9-TS-BB-ND
53 54 55 56 57 60 61 64 65 66 67 68 69 71 72 426 427 432 433 438 439 440 441 442 443 448 449 450 451 458 459 460 461 474 475 480 481 482 483 485 486 500 501 506 507 524 525 526 527 528 529 536 537 540 541 544 545 550 551 554 555 558 559 560 561
3HB9-TS-CA-ND
53 54 55 56 57 60 61 64 65 66 67 68 69 74 75 415 416 417 418 426 427 432 433 438 439 440 441 442 443 448 449 450 451 458 459 460 461 474 475 480 481 482 483 485 486 500 501 502 503 504 505 506 507 508 509 510 511 524 525 526 527 528 529 536 537
3HB9-TS-MST-C-N
53 54 55 56 57 60 61 64 65 66 67 68 69 74 75
3HB9-TS-CB-ND
53 54 55 56 57 60 61 64 65 66 67 68 69 74 75 426 427 432 433 438 439 440 441 442 443 448 449 450 451 458 459 460 461 474 475 480 481 482 483 485 486 500 501 506 507 524 525 526 527 528 529 536 537 540 541 544 545 550 551 554 555 558 559 560 561
3HB9-FD
4 5 6 11 12 13 14 15 16 19 20 23 24 25 26 27 28 29 30 31 32 33 34 47 48 49 50 51 52 415 416 417 418 426 427 432 433 438 439 440 441 442 443 448 449 450 451 458 459 460 461 474 475 480 481 482 483 485 486 500 501 502 503 504 505 506 507 508 509 510 511 524 525 526 527 528 529 536 537 538 539 540 541 542 543 544 545 550 551 552 553 554 555 556 557 558 559 560 561
3HB9-MST-F
12 13 14 15 16 19 20 23 24 25 26 27 28 29 30 31 32 33 34 47 48 49 50 51 52
3HB9-TS-AA-FD
12 13 14 15 16 19 20 25 28 29 30 31 32 33 34 415 416 417 418 426 427 432 433 438 439 440 441 442 443 448 449 450 451 458 459 460 461 474 475 480 481 482 483 485 486 500 501 502 503 504 505 506 507 508 509 510 511 524 525 526 527 528 529 536 537
3HB9-TS-AB-FD
12 13 14 15 16 19 20 25 28 29 30 31 32 33 34 426 427 432 433 438 439 440 441 442 443 448 449 450 451 458 459 460 461 474 475 480 481 482 483 485 486 500 501 506 507 524 525 526 527 528 529 536 537 540 541 544 545 550 551 554 555 558 559 560 561
3HB9-TS-MST-A-F
12 13 14 15 16 19 20 25 28 29 30 31 32 33 34
3HB9-TS-BA-FD
12 13 14 15 16 19 20 23 24 25 26 27 28 30 31 415 416 417 418 426 427 432 433 438 439 440 441 442 443 448 449 450 451 458 459 460 461 474 475 480 481 482 483 485 486 500 501 502 503 504 505 506 507 508 509 510 511 524 525 526 527 528 529 536 537
3HB9-TS-BB-FD
12 13 14 15 16 19 20 23 24 25 26 27 28 30 31 426 427 432 433 438 439 440 441 442 443 448 449 450 451 458 459 460 461 474 475 480 481 482 483 485 486 500 501 506 507 524 525 526 527 528 529 536 537 540 541 544 545 550 551 554 555 558 559 560 561
3HB9-TS-MST-B-F
12 13 14 15 16 19 20 23 24 25 26 27 28 30 31
3HB9-TS-CA-FD
12 13 14 15 16 19 20 23 24 25 26 27 28 33 34 415 416 417 418 426 427 432 433 438 439 440 441 442 443 448 449 450 451 458 459 460 461 474 475 480 481 482 483 485 486 500 501 502 503 504 505 506 507 508 509 510 511 524 525 526 527 528 529 536 537
3HB9-TS-CB-FD
12 13 14 15 16 19 20 23 24 25 26 27 28 33 34 426 427 432 433 438 439 440 441 442 443 448 449 450 451 458 459 460 461 474 475 480 481 482 483 485 486 500 501 506 507 524 525 526 527 528 529 536 537 540 541 544 545 550 551 554 555 558 559 560 561
3HB9-TS-MST-C-F
12 13 14 15 16 19 20 23 24 25 26 27 28 33 34
