# A line with the candidate name followed by another line with its telescope ids:
3AL4-AN15
5 6 7 8 58 59 60 61 62 63 64 65 66 67 68 69 70 71 72
3AL4-BN15
5 6 7 8 58 59 60 62 61 63 64 65 67 68 74 75 76 72 117
3AL4-CN15
5 6 7 8 65 61 60 59 72 58 63 67 116 71 74 75 76 64 68
3AL4-DN15
5 6 7 8 66 71 70 59 72 58 63 67 116 60 61 75 76 64 68
3AL4-EN15
5 6 7 8 58 59 60 62 61 63 64 65 67 68 74 75 76 72 119
3AL4-FN15
5 6 7 8 58 59 60 61 62 63 64 65 117 67 68 119 73 71 72
3AL4-GN15
5 6 7 8 117 71 73 59 72 58 63 67 116 60 61 75 76 64 68
3AL4
5 6 7 8
3AL2-56
5 6
3AL2-57
5 7
3AL2-58
5 8
3AL3-578
5 7 8
3AL3-568
5 6 8
3AL0-AN15
58 59 60 61 62 63 64 65 66 67 68 69 70 71 72
3AL0-BN15
58 59 60 62 61 63 64 65 67 68 74 75 76 72 117
3AL0-CN15
65 61 60 59 72 58 63 67 116 71 74 75 76 64 68
3AL0-DN15
66 71 70 59 72 58 63 67 116 60 61 75 76 64 68
3AL0-EN15
58 59 60 62 61 63 64 65 67 68 74 75 76 72 119
3AL0-FN15
58 59 60 61 62 63 64 65 117 67 68 119 73 71 72
3AL0-GN15
117 71 73 59 72 58 63 67 116 60 61 75 76 64 68
3AL4-M15-N
1 2 3 4 43 44 45 46 47 48 49 50 51 52 53 54 55 56 57
3AL4-AN15-TA
5 6 7 8 60 61 62 63 72
3AL4-AN15-TB
5 6 7 8 60 61 62 63 64
3AL4-AN15-TC
5 6 7 8 68 67 62 63 64
3AL4-AN15-TD
5 6 7 8 58 72 62 63 64
3AL4-AN15-TE
5 6 7 8 58 59 60 61 63
3AL4-AN15-TF
5 6 7 8 60 61 58 63 72
3AL4-AN15-TG
5 6 7 8 60 63 64 58 59
3AL4-AN15-TH
5 6 7 8 60 61 64 58 59
3AL4-BN15-TI
5 6 7 8 58 59 60 65 75
3AL0-AN15-TA
60 61 62 63 72
3AL0-AN15-TB
60 61 62 63 64
3AL0-AN15-TC
68 67 62 63 64
3AL0-AN15-TD
58 72 62 63 64
3AL0-AN15-TE
58 59 60 61 63
3AL0-AN15-TF
60 61 58 63 72
3AL0-AN15-TG
60 63 64 58 59
3AL0-AN15-TH
60 61 64 58 59
3AL0-BN15-TI
58 59 60 65 75
