# A line with the candidate name followed by another line with its telescope ids:
3HB9-ND
4 5 6 11 53 54 55 56 57 60 61 64 65 66 67 68 69 70 71 72 73 74 75 88 89 90 91 92 93 415 416 417 418 426 427 432 433 438 439 440 441 442 443 448 449 450 451 458 459 460 461 474 475 480 481 482 483 485 486 500 501 502 503 504 505 506 507 508 509 510 511 524 525 526 527 528 529 536 537 538 539 540 541 542 543 544 545 550 551 552 553 554 555 556 557 558 559 560 561
3HB9-LST
4 5 6 11
3HB9-MST-N
53 54 55 56 57 60 61 64 65 66 67 68 69 70 71 72 73 74 75 88 89 90 91 92 93
3HB9-SST-D
415 416 417 418 426 427 432 433 438 439 440 441 442 443 448 449 450 451 458 459 460 461 474 475 480 481 482 483 485 486 500 501 502 503 504 505 506 507 508 509 510 511 524 525 526 527 528 529 536 537 538 539 540 541 542 543 544 545 550 551 552 553 554 555 556 557 558 559 560 561
3HB9-SST-G
257 258 259 260 268 269 274 275 280 281 282 283 284 285 290 291 292 293 300 301 302 303 316 317 322 323 324 325 327 328 342 343 344 345 346 347 348 349 350 351 352 353 366 367 368 369 370 371 378 379 380 381 382 383 384 385 386 387 392 393 394 395 396 397 398 399 400 401 402 403
3HB9-NG
4 5 6 11 53 54 55 56 57 60 61 64 65 66 67 68 69 70 71 72 73 74 75 88 89 90 91 92 93 257 258 259 260 268 269 274 275 280 281 282 283 284 285 290 291 292 293 300 301 302 303 316 317 322 323 324 325 327 328 342 343 344 345 346 347 348 349 350 351 352 353 366 367 368 369 370 371 378 379 380 381 382 383 384 385 386 387 392 393 394 395 396 397 398 399 400 401 402 403
3HB89-ND
7 8 9 10 53 54 55 56 57 58 59 64 65 66 67 68 69 70 71 72 73 74 75 88 89 90 91 92 93 411 414 421 422 426 427 430 431 432 433 436 437 442 443 448 449 450 451 458 459 460 461 474 475 482 483 484 485 486 487 500 501 502 503 504 505 506 507 508 509 510 511 524 525 526 527 528 529 534 535 538 539 540 541 542 543 544 545 550 551 552 553 554 555 556 557 558 559 560 561
3HB89-LST
7 8 9 10
3HB89-MST-N
53 54 55 56 57 58 59 64 65 66 67 68 69 70 71 72 73 74 75 88 89 90 91 92 93
3HB89-SST-D
411 414 421 422 426 427 430 431 432 433 436 437 442 443 448 449 450 451 458 459 460 461 474 475 482 483 484 485 486 487 500 501 502 503 504 505 506 507 508 509 510 511 524 525 526 527 528 529 534 535 538 539 540 541 542 543 544 545 550 551 552 553 554 555 556 557 558 559 560 561
3HB8-ND
1 2 3 54 55 56 57 58 59 64 65 66 67 68 69 70 71 72 73 74 75 88 89 90 91 92 93 426 427 430 431 432 433 436 437 442 443 444 445 448 449 450 451 458 459 460 461 466 467 472 473 474 475 482 483 484 485 486 487 500 501 502 503 504 505 506 507 508 509 510 511 524 525 526 527 528 529 538 539 540 541 542 543 544 545 546 547 548 549 550 551 552 553 554 555 556 557 558 559 560 561
3HB8-LST
1 2 3
3HB8-MST-N
54 55 56 57 58 59 64 65 66 67 68 69 70 71 72 73 74 75 88 89 90 91 92 93
3HB8-SST-D
426 427 430 431 432 433 436 437 442 443 444 445 448 449 450 451 458 459 460 461 466 467 472 473 474 475 482 483 484 485 486 487 500 501 502 503 504 505 506 507 508 509 510 511 524 525 526 527 528 529 538 539 540 541 542 543 544 545 546 547 548 549 550 551 552 553 554 555 556 557 558 559 560 561
3HB8-NG
1 2 3 54 55 56 57 58 59 64 65 66 67 68 69 70 71 72 73 74 75 88 89 90 91 92 93 268 269 272 273 274 275 278 279 284 285 286 287 290 291 292 293 300 301 302 303 308 309 314 315 316 317 324 325 326 327 328 329 342 343 344 345 346 347 348 349 350 351 352 353 366 367 368 369 370 371 380 381 382 383 384 385 386 387 388 389 390 391 392 393 394 395 396 397 398 399 400 401 402 403
3HB8-SST-G
268 269 272 273 274 275 278 279 284 285 286 287 290 291 292 293 300 301 302 303 308 309 314 315 316 317 324 325 326 327 328 329 342 343 344 345 346 347 348 349 350 351 352 353 366 367 368 369 370 371 380 381 382 383 384 385 386 387 388 389 390 391 392 393 394 395 396 397 398 399 400 401 402 403
3HB1-2-ND
7 8 9 10 15 16 17 18 21 22 23 24 25 26 27 28 29 30 31 32 33 34 47 48 49 50 51 52 410 411 412 413 419 420 421 426 427 428 429 430 431 432 433 434 435 436 437 442 443 444 445 446 447 452 453 454 455 456 457 462 463 464 465 466 467 468 469 470 471 472 473 474 475 476 477 478 479 488 489 490 491 492 493 494 495 496 497 498 499 512 513 514 515 516 517 518 519 520 521 522 523
3HB1-2-MST-N
15 16 17 18 21 22 23 24 25 26 27 28 29 30 31 32 33 34 47 48 49 50 51 52
3HB1-2-SST-D
410 411 412 413 419 420 421 426 427 428 429 430 431 432 433 434 435 436 437 442 443 444 445 446 447 452 453 454 455 456 457 462 463 464 465 466 467 468 469 470 471 472 473 474 475 476 477 478 479 488 489 490 491 492 493 494 495 496 497 498 499 512 513 514 515 516 517 518 519 520 521 522 523
3HB2-2-ND
1 2 3 54 55 56 57 58 59 64 65 66 67 68 69 70 71 72 73 74 75 88 89 90 91 92 93 410 411 412 413 419 420 421 426 427 428 429 430 431 432 433 434 435 436 437 442 443 444 445 446 447 452 453 454 455 456 457 462 463 464 465 466 467 468 469 470 471 472 473 474 475 476 477 478 479 488 489 490 491 492 493 494 495 496 497 498 499 512 513 514 515 516 517 518 519 520 521 522 523
3HB2-2-MST-N
54 55 56 57 58 59 64 65 66 67 68 69 70 71 72 73 74 75 88 89 90 91 92 93 
3HB4-2-ND
1 2 3 54 55 56 57 58 59 64 65 66 67 68 69 70 71 72 73 74 75 88 89 90 91 92 93 410 411 412 413 419 420 421 423 424 425 426 427 428 429 431 432 435 436 437 442 443 444 445 446 447 462 463 464 465 466 467 468 469 470 471 472 473 488 489 490 491 492 493 494 495 496 497 498 499 512 513 514 515 516 517 518 519 520 521 522 523 530 531 532 533 534 535 562 563 564 565 566 567
3HB4-2-SST-D
410 411 412 413 419 420 421 423 424 425 426 427 428 429 431 432 435 436 437 442 443 444 445 446 447 462 463 464 465 466 467 468 469 470 471 472 473 488 489 490 491 492 493 494 495 496 497 498 499 512 513 514 515 516 517 518 519 520 521 522 523 530 531 532 533 534 535 562 563 564 565 566 567
3HB9-TS-AA-ND
53 54 55 56 57 60 61 66 69 70 71 72 73 74 75 415 416 417 418 426 427 432 433 438 439 440 441 442 443 448 449 450 451 458 459 460 461 474 475 480 481 482 483 485 486 500 501 502 503 504 505 506 507 508 509 510 511 524 525 526 527 528 529 536 537
3HB9-TS-MST-A-N
53 54 55 56 57 60 61 66 69 70 71 72 73 74 75
3HB9-TS-SST-A-D
415 416 417 418 426 427 432 433 438 439 440 441 442 443 448 449 450 451 458 459 460 461 474 475 480 481 482 483 485 486 500 501 502 503 504 505 506 507 508 509 510 511 524 525 526 527 528 529 536 537
3HB9-TS-AB-ND
53 54 55 56 57 60 61 66 69 70 71 72 73 74 75 426 427 432 433 438 439 440 441 442 443 448 449 450 451 458 459 460 461 474 475 480 481 482 483 485 486 500 501 506 507 524 525 526 527 528 529 536 537 540 541 544 545 550 551 554 555 558 559 560 561
3HB9-TS-SST-B-D
426 427 432 433 438 439 440 441 442 443 448 449 450 451 458 459 460 461 474 475 480 481 482 483 485 486 500 501 506 507 524 525 526 527 528 529 536 537 540 541 544 545 550 551 554 555 558 559 560 561
3HB9-TS-BA-ND
53 54 55 56 57 60 61 64 65 66 67 68 69 71 72 415 416 417 418 426 427 432 433 438 439 440 441 442 443 448 449 450 451 458 459 460 461 474 475 480 481 482 483 485 486 500 501 502 503 504 505 506 507 508 509 510 511 524 525 526 527 528 529 536 537
3HB9-TS-MST-B-N
53 54 55 56 57 60 61 64 65 66 67 68 69 71 72
3HB9-TS-BB-ND
53 54 55 56 57 60 61 64 65 66 67 68 69 71 72 426 427 432 433 438 439 440 441 442 443 448 449 450 451 458 459 460 461 474 475 480 481 482 483 485 486 500 501 506 507 524 525 526 527 528 529 536 537 540 541 544 545 550 551 554 555 558 559 560 561
3HB9-TS-CA-ND
53 54 55 56 57 60 61 64 65 66 67 68 69 74 75 415 416 417 418 426 427 432 433 438 439 440 441 442 443 448 449 450 451 458 459 460 461 474 475 480 481 482 483 485 486 500 501 502 503 504 505 506 507 508 509 510 511 524 525 526 527 528 529 536 537
3HB9-TS-MST-C-N
53 54 55 56 57 60 61 64 65 66 67 68 69 74 75
3HB9-TS-CB-ND
53 54 55 56 57 60 61 64 65 66 67 68 69 74 75 426 427 432 433 438 439 440 441 442 443 448 449 450 451 458 459 460 461 474 475 480 481 482 483 485 486 500 501 506 507 524 525 526 527 528 529 536 537 540 541 544 545 550 551 554 555 558 559 560 561
